Matrix P =
           2           2           2           1           0           0           0           0        -844        -844        -844        -422
           0           0           0           0           2           2           2           1        -646        -646        -646        -323
          -2           2           2           1           0           0           0           0         356        -356        -356        -178
           0           0           0           0          -2           2           2           1         646        -646        -646        -323
          -2           2          -2           1           0           0           0           0         236        -236         236        -118
           0           0           0           0          -2           2          -2           1         966        -966         966        -483
           2           2          -2           1           0           0           0           0        -964        -964         964        -482
           0           0           0           0           2           2          -2           1        -966        -966         966        -483
           2          -2           2           1           0           0           0           0        -876         876        -876        -438
           0           0           0           0           2          -2           2           1        -146         146        -146         -73
          -2          -2           2           1           0           0           0           0         324         324        -324        -162
           0           0           0           0          -2          -2           2           1         146         146        -146         -73
          -2          -2          -2           1           0           0           0           0         156         156         156         -78
           0           0           0           0          -2          -2          -2           1         234         234         234        -117
           2          -2          -2           1           0           0           0           0       -1044        1044        1044        -522
           0           0           0           0           2          -2          -2           1        -234         234         234        -117

Matrix M =
    0.1925    0.0283    0.0786    0.7346
    0.0000    0.2044    0.0001    0.6120
    0.0000    0.0001    0.0003    0.0024

center =
   -0.0000
   -2.9912
   -8.2695

3x3 Matrix of M =
  734.6289  107.8955  299.9999
    0.0009  780.1442    0.2641
    0.0000    0.3597    1.0000

Sitax =
   -0.3452

Matrix Rx =
    1.0000         0         0
         0    0.9410    0.3384
         0   -0.3384    0.9410

Matrix N =
  734.6289   -0.0000  318.8125
    0.0009  734.0199  264.2723
    0.0000    0.0000    1.0627

Sitaz =
  -1.2602e-06

Matrix Rz =
    1.0000    0.0000         0
   -0.0000    1.0000         0
         0         0    1.0000

K =
  691.2797    0.0009  299.9999
    0.0000  690.7067  248.6780
    0.0000    0.0000    1.0000

