3D coordinates of the cube in img
   66.4933   77.6377   15.2561   -1.5609  222.2460  228.1754  203.8652  195.3068
  411.8972  261.0388  237.5448  427.1936  414.3756  263.4524  240.5722  430.3237
    1.0000    1.0000    1.0000    1.0000    1.0000    1.0000    1.0000    1.0000

3D coordinates of the cube in img
  131.7450  134.4287  165.0564  162.5087  301.5354  300.4534  370.2048  373.4457
  420.5055  244.6798  227.2046  453.9868  409.1140  248.0544  233.2509  436.0502
    1.0000    1.0000    1.0000    1.0000    1.0000    1.0000    1.0000    1.0000

3D coordinates of the cube in img
  103.7423  108.4827   -0.7263   -9.6153  220.7432  222.8700  127.7203  122.0612
  392.1058  258.6504  245.0475  405.1675  396.7688  252.4613  236.1891  412.1902
    1.0000    1.0000    1.0000    1.0000    1.0000    1.0000    1.0000    1.0000

3D coordinates of the cube in img
  127.9889  152.1770  126.5805   93.9372  279.0745  284.1343  277.7357  270.7322
  275.3404  179.0303   66.7840  160.4426  274.3931  178.2762   66.0182  159.4516
    1.0000    1.0000    1.0000    1.0000    1.0000    1.0000    1.0000    1.0000

